200
[[-1.  1. -1. ..., -1. -1.  1.]
 [-1.  1.  1. ...,  1.  1.  1.]
 [-1.  1.  1. ...,  1.  1.  1.]
 ..., 
 [-1.  1. -1. ...,  1.  1.  1.]
 [-1. -1. -1. ...,  1.  1.  1.]
 [-1. -1.  1. ...,  1.  1.  1.]]
20.552175760269165
1000
[[ 1. -1. -1. ...,  1. -1.  1.]
 [ 1.  1.  1. ..., -1. -1.  1.]
 [-1.  1. -1. ..., -1.  1.  1.]
 ..., 
 [-1.  1.  1. ...,  1.  1.  1.]
 [-1. -1. -1. ...,  1.  1.  1.]
 [ 1.  1.  1. ...,  1.  1.  1.]]
535.9999530315399
2000
[[-1.  1.  1. ...,  1. -1.  1.]
 [ 1.  1.  1. ...,  1. -1.  1.]
 [ 1.  1.  1. ...,  1.  1.  1.]
 ..., 
 [-1.  1.  1. ...,  1.  1.  1.]
 [-1.  1.  1. ...,  1.  1.  1.]
 [-1.  1.  1. ...,  1.  1.  1.]]
2055.4677674770355
2000
[[-1.  1.  1. ...,  1. -1.  1.]
 [ 1.  1.  1. ...,  1. -1.  1.]
 [ 1.  1.  1. ...,  1.  1.  1.]
 ..., 
 [-1.  1.  1. ...,  1.  1.  1.]
 [-1.  1.  1. ...,  1.  1.  1.]
 [-1.  1.  1. ...,  1.  1.  1.]]
2138.5938482284546
2000
[[-1.  1.  1. ...,  1. -1.  1.]
 [ 1.  1.  1. ...,  1. -1.  1.]
 [ 1.  1.  1. ...,  1.  1.  1.]
 ..., 
 [-1.  1.  1. ...,  1.  1.  1.]
 [-1.  1.  1. ...,  1.  1.  1.]
 [-1.  1.  1. ...,  1.  1.  1.]]
2201.2231545448303
1000
[[ 1. -1. -1. ...,  1. -1.  1.]
 [ 1.  1.  1. ..., -1. -1.  1.]
 [-1.  1. -1. ..., -1.  1.  1.]
 ..., 
 [-1.  1.  1. ...,  1.  1.  1.]
 [-1. -1. -1. ...,  1.  1.  1.]
 [ 1.  1.  1. ...,  1.  1.  1.]]
514.229447842
1000
[[ 1. -1. -1. ...,  1. -1.  1.]
 [ 1.  1.  1. ..., -1. -1.  1.]
 [-1.  1. -1. ..., -1.  1.  1.]
 ..., 
 [-1.  1.  1. ...,  1.  1.  1.]
 [-1. -1. -1. ...,  1.  1.  1.]
 [ 1.  1.  1. ...,  1.  1.  1.]]
485.069983006
200
[[-1.  1. -1. ..., -1. -1.  1.]
 [-1.  1.  1. ...,  1.  1.  1.]
 [-1.  1.  1. ...,  1.  1.  1.]
 ..., 
 [-1.  1. -1. ...,  1.  1.  1.]
 [-1. -1. -1. ...,  1.  1.  1.]
 [-1. -1.  1. ...,  1.  1.  1.]]
19.196187973
200
[[-1.  1. -1. ..., -1. -1.  1.]
 [-1.  1.  1. ...,  1.  1.  1.]
 [-1.  1.  1. ...,  1.  1.  1.]
 ..., 
 [-1.  1. -1. ...,  1.  1.  1.]
 [-1. -1. -1. ...,  1.  1.  1.]
 [-1. -1.  1. ...,  1.  1.  1.]]
19.2039351463
