200
[[-1.  1. -1. ..., -1. -1.  1.]
 [-1.  1.  1. ...,  1.  1.  1.]
 [-1.  1.  1. ...,  1.  1.  1.]
 ..., 
 [-1.  1. -1. ...,  1.  1.  1.]
 [-1. -1. -1. ...,  1.  1.  1.]
 [-1. -1.  1. ...,  1.  1.  1.]]
18.11504340171814
1000
[[ 1. -1. -1. ...,  1. -1.  1.]
 [ 1.  1.  1. ..., -1. -1.  1.]
 [-1.  1. -1. ..., -1.  1.  1.]
 ..., 
 [-1.  1.  1. ...,  1.  1.  1.]
 [-1. -1. -1. ...,  1.  1.  1.]
 [ 1.  1.  1. ...,  1.  1.  1.]]
472.1617941856384
2000
[[-1.  1.  1. ...,  1. -1.  1.]
 [ 1.  1.  1. ...,  1. -1.  1.]
 [ 1.  1.  1. ...,  1.  1.  1.]
 ..., 
 [-1.  1.  1. ...,  1.  1.  1.]
 [-1.  1.  1. ...,  1.  1.  1.]
 [-1.  1.  1. ...,  1.  1.  1.]]
1863.2968380451202
2000
[[-1.  1.  1. ...,  1. -1.  1.]
 [ 1.  1.  1. ...,  1. -1.  1.]
 [ 1.  1.  1. ...,  1.  1.  1.]
 ..., 
 [-1.  1.  1. ...,  1.  1.  1.]
 [-1.  1.  1. ...,  1.  1.  1.]
 [-1.  1.  1. ...,  1.  1.  1.]]
1976.0128650665283
2000
[[-1.  1.  1. ...,  1. -1.  1.]
 [ 1.  1.  1. ...,  1. -1.  1.]
 [ 1.  1.  1. ...,  1.  1.  1.]
 ..., 
 [-1.  1.  1. ...,  1.  1.  1.]
 [-1.  1.  1. ...,  1.  1.  1.]
 [-1.  1.  1. ...,  1.  1.  1.]]
1891.441004037857
1000
[[ 1. -1. -1. ...,  1. -1.  1.]
 [ 1.  1.  1. ..., -1. -1.  1.]
 [-1.  1. -1. ..., -1.  1.  1.]
 ..., 
 [-1.  1.  1. ...,  1.  1.  1.]
 [-1. -1. -1. ...,  1.  1.  1.]
 [ 1.  1.  1. ...,  1.  1.  1.]]
433.190665007
1000
[[ 1. -1. -1. ...,  1. -1.  1.]
 [ 1.  1.  1. ..., -1. -1.  1.]
 [-1.  1. -1. ..., -1.  1.  1.]
 ..., 
 [-1.  1.  1. ...,  1.  1.  1.]
 [-1. -1. -1. ...,  1.  1.  1.]
 [ 1.  1.  1. ...,  1.  1.  1.]]
432.982388973
200
[[-1.  1. -1. ..., -1. -1.  1.]
 [-1.  1.  1. ...,  1.  1.  1.]
 [-1.  1.  1. ...,  1.  1.  1.]
 ..., 
 [-1.  1. -1. ...,  1.  1.  1.]
 [-1. -1. -1. ...,  1.  1.  1.]
 [-1. -1.  1. ...,  1.  1.  1.]]
17.3411579132
200
[[-1.  1. -1. ..., -1. -1.  1.]
 [-1.  1.  1. ...,  1.  1.  1.]
 [-1.  1.  1. ...,  1.  1.  1.]
 ..., 
 [-1.  1. -1. ...,  1.  1.  1.]
 [-1. -1. -1. ...,  1.  1.  1.]
 [-1. -1.  1. ...,  1.  1.  1.]]
17.2877039909
