200
[[-1.  1. -1. ..., -1. -1.  1.]
 [-1.  1.  1. ...,  1.  1.  1.]
 [-1.  1.  1. ...,  1.  1.  1.]
 ..., 
 [-1.  1. -1. ...,  1.  1.  1.]
 [-1. -1. -1. ...,  1.  1.  1.]
 [-1. -1.  1. ...,  1.  1.  1.]]
17.1184139251709
1000
[[ 1. -1. -1. ...,  1. -1.  1.]
 [ 1.  1.  1. ..., -1. -1.  1.]
 [-1.  1. -1. ..., -1.  1.  1.]
 ..., 
 [-1.  1.  1. ...,  1.  1.  1.]
 [-1. -1. -1. ...,  1.  1.  1.]
 [ 1.  1.  1. ...,  1.  1.  1.]]
444.28023982048035
2000
[[-1.  1.  1. ...,  1. -1.  1.]
 [ 1.  1.  1. ...,  1. -1.  1.]
 [ 1.  1.  1. ...,  1.  1.  1.]
 ..., 
 [-1.  1.  1. ...,  1.  1.  1.]
 [-1.  1.  1. ...,  1.  1.  1.]
 [-1.  1.  1. ...,  1.  1.  1.]]
1820.7402603626251
2000
[[-1.  1.  1. ...,  1. -1.  1.]
 [ 1.  1.  1. ...,  1. -1.  1.]
 [ 1.  1.  1. ...,  1.  1.  1.]
 ..., 
 [-1.  1.  1. ...,  1.  1.  1.]
 [-1.  1.  1. ...,  1.  1.  1.]
 [-1.  1.  1. ...,  1.  1.  1.]]
1806.1902112960815
2000
[[-1.  1.  1. ...,  1. -1.  1.]
 [ 1.  1.  1. ...,  1. -1.  1.]
 [ 1.  1.  1. ...,  1.  1.  1.]
 ..., 
 [-1.  1.  1. ...,  1.  1.  1.]
 [-1.  1.  1. ...,  1.  1.  1.]
 [-1.  1.  1. ...,  1.  1.  1.]]
1892.1244299411774
1000
[[ 1. -1. -1. ...,  1. -1.  1.]
 [ 1.  1.  1. ..., -1. -1.  1.]
 [-1.  1. -1. ..., -1.  1.  1.]
 ..., 
 [-1.  1.  1. ...,  1.  1.  1.]
 [-1. -1. -1. ...,  1.  1.  1.]
 [ 1.  1.  1. ...,  1.  1.  1.]]
429.649426937
1000
[[ 1. -1. -1. ...,  1. -1.  1.]
 [ 1.  1.  1. ..., -1. -1.  1.]
 [-1.  1. -1. ..., -1.  1.  1.]
 ..., 
 [-1.  1.  1. ...,  1.  1.  1.]
 [-1. -1. -1. ...,  1.  1.  1.]
 [ 1.  1.  1. ...,  1.  1.  1.]]
430.927572966
200
[[-1.  1. -1. ..., -1. -1.  1.]
 [-1.  1.  1. ...,  1.  1.  1.]
 [-1.  1.  1. ...,  1.  1.  1.]
 ..., 
 [-1.  1. -1. ...,  1.  1.  1.]
 [-1. -1. -1. ...,  1.  1.  1.]
 [-1. -1.  1. ...,  1.  1.  1.]]
17.2931809425
200
[[-1.  1. -1. ..., -1. -1.  1.]
 [-1.  1.  1. ...,  1.  1.  1.]
 [-1.  1.  1. ...,  1.  1.  1.]
 ..., 
 [-1.  1. -1. ...,  1.  1.  1.]
 [-1. -1. -1. ...,  1.  1.  1.]
 [-1. -1.  1. ...,  1.  1.  1.]]
16.4204058647
